train_combined_loss_per_minibatch:[0.09348240494728088, 0.07454186677932739, 0.08028297126293182, 0.08679346740245819, 0.07582741975784302, 0.3136780560016632, 0.08116908371448517, 0.08178217709064484, 0.08490786701440811, 0.27013126015663147, 0.07936565577983856, 0.061597589403390884, 0.08026141673326492, 0.08220051229000092, 0.22020429372787476, 0.06946885585784912, 0.07519039511680603, 0.23106323182582855, 0.08281440287828445, 0.061949245631694794, 0.07954957336187363, 0.07564601302146912, 0.08123307675123215, 0.07967785000801086, 0.08030033111572266, 0.060730643570423126, 0.0760364755988121, 0.07914144545793533, 0.05973658338189125, 0.08254429697990417, 0.08259020745754242, 0.07323134690523148, 0.0783143937587738, 0.07766280323266983, 0.07020840048789978, 0.07535779476165771, 0.06486143171787262, 0.07242199033498764, 0.07907766103744507, 0.0743439793586731, 0.07948429882526398, 0.1761206090450287, 0.07840752601623535, 0.07407978177070618, 0.07386648654937744, 0.1609255075454712, 0.07645326852798462, 0.07362588495016098, 0.0680374950170517, 0.06885469704866409]

train_reconstruction_loss_per_minibatch:[0.09172742068767548, 0.07308895885944366, 0.07863439619541168, 0.08519548177719116, 0.07427945733070374, 0.3115637004375458, 0.07971759885549545, 0.08037664741277695, 0.08354756981134415, 0.2682594358921051, 0.078419990837574, 0.060654476284980774, 0.07906542718410492, 0.08104272186756134, 0.21858586370944977, 0.06872457265853882, 0.0744800940155983, 0.22957751154899597, 0.08216885477304459, 0.06113959848880768, 0.07863439619541168, 0.07508591562509537, 0.08037664741277695, 0.07884953916072845, 0.07949944585561752, 0.06001345440745354, 0.07528916001319885, 0.078419990837574, 0.059064075350761414, 0.08216885477304459, 0.08194199949502945, 0.07289272546768188, 0.07799337804317474, 0.07735885679721832, 0.06964776664972305, 0.07508591562509537, 0.06430269032716751, 0.0719207152724266, 0.07884953916072845, 0.07388010621070862, 0.07928206026554108, 0.17526809871196747, 0.07799337804317474, 0.07368137687444687, 0.07348328083753586, 0.16012436151504517, 0.07631544768810272, 0.07328581064939499, 0.06763443350791931, 0.06854155659675598]

train_kl_loss_per_minibatch:[0.0017549879848957062, 0.001452907919883728, 0.0016485750675201416, 0.0015979893505573273, 0.0015479587018489838, 0.0021143443882465363, 0.0014514811336994171, 0.001405525952577591, 0.0013602972030639648, 0.0018718279898166656, 0.0009456612169742584, 0.0009431131184101105, 0.0011959895491600037, 0.0011577941477298737, 0.0016184262931346893, 0.0007442794740200043, 0.0007103011012077332, 0.001485724002122879, 0.0006455481052398682, 0.0008096471428871155, 0.0009151771664619446, 0.0005600936710834503, 0.0008564293384552002, 0.0008283071219921112, 0.0008008815348148346, 0.0007171891629695892, 0.0007473155856132507, 0.0007214546203613281, 0.000672508031129837, 0.0003754422068595886, 0.00064820796251297, 0.00033862143754959106, 0.0003210119903087616, 0.00030394643545150757, 0.0005606338381767273, 0.0002718791365623474, 0.0005587413907051086, 0.0005012750625610352, 0.0002281181514263153, 0.000463876873254776, 0.00020223483443260193, 0.0008525103330612183, 0.00041414424777030945, 0.0003984011709690094, 0.0003832094371318817, 0.0008011423051357269, 0.00013782456517219543, 0.0003400743007659912, 0.0004030577838420868, 0.00031314045190811157]

valid_reconstruction_loss:[tensor(0.9075), tensor(0.9331), tensor(0.9785), tensor(1.0557), tensor(1.1596)]

